# Created by Octave 4.4.1, Sun Sep 23 23:43:43 2018 CDT <nh019849@M1515010>
# name: v
# type: matrix
# rows: 10
# columns: 1
 3999
 3299
 3690
 2320
 5399
 2999
 3149
 1989
 2120
 2425


